SM:2023-10-23T13:31:43.6472296Z
LM:2023-10-23T13:31:43.8361180Z
CT:image/png
MA:604800
CL:22316
